生成多项式 100101

22'b 01 0000 0000 0000 0000 0000   01100 16
22'b 00 1000 0000 0000 0000 0000   00110 15
22'b 00 0100 0000 0000 0000 0000   00011 14
22'b 00 0010 0000 0000 0000 0000   10011 13
22'b 00 0001 0000 0000 0000 0000   11011 12
22'b 00 0000 1000 0000 0000 0000   11111 11
22'b 00 0000 0100 0000 0000 0000   11101 10
22'b 00 0000 0010 0000 0000 0000   11100  9
22'b 00 0000 0001 0000 0000 0000   01110  8
22'b 00 0000 0000 1000 0000 0000   00111  7
22'b 00 0000 0000 0100 0000 0000   10001  6
22'b 00 0000 0000 0010 0000 0000   11010  5
22'b 00 0000 0000 0001 0000 0000   01101  4
22'b 00 0000 0000 0000 1000 0000   10100  3
22'b 00 0000 0000 0000 0100 0000   01010  2
22'b 00 0000 0000 0000 0010 0000   00101  1

生成多项式 10111
7'b 100 0000   1011  3
7'b 010 0000   1110  2
7'b 001 0000   0111  1